1380 829 1476
0 829 830 831 832
1 833 834 835 836 837 838 839 840 841 842 843 844 845 846 847 848 849 850 851 852 853 854
2 855
3 852
4 847
5 856
6 857
7 858
8 859
9 860 861 862 863 864 865 866 867
10 859
11 868 869 870
12 870
13 870
14 871
15 872
16 873 874 875 876 877
17 878
18 879
19 879
20 880 881
21 882
22 883
23 884
24 884
25 885
26 886
27 887
28 888
29 889
30 890
31 891
32 836 838
33 892
34 891
35 893
36 893 894 895 896 897 898 899 900
37 901
38 850
39 902 903
40 903 904
41 858
42 905
43 906
44 907 908
45 909 910
46 911
47 852 912
48 913
49 914
50 915 916 917 918 919 920
51 921
52 922
53 922 923 924 925
54 907
55 862 926 927 928 929 930 931 932 933 934 935 936 937 938
56 878 932 936
57 878 936
58 938
59 939
60 940
61 892 941 942 943 944 945
62 946
63 947
64 948
65 864
66 840 843 844 848
67 949
68 863
69 863
70 901
71 950
72 856 871
73 918 919 938 950 951 952 953
74 954
75 923
76 926 955
77 956 957
78 958 959 960 961 962 963
79 906
80 867
81 867 885 964
82 965
83 966
84 967
85 968
86 969 970 971 972
87 900 903 954 973 974 975 976 977
88 974 976 978
89 848
90 874
91 979
92 831
93 980
94 923
95 920
96 856 871
97 981
98 982
99 983
100 898 983
101 984
102 985
103 986 987
104 988
105 886 985 989
106 990
107 991 992 993 994 995 996
108 993
109 997
110 997
111 918 998 999 1000
112 908
113 856 923
114 1001 1002 1003 1004 1005 1006 1007 1008 1009
115 916
116 1010 1011
117 1012
118 1012 1013
119 1014
120 893
121 1015
122 1016
123 1017
124 1018
125 1019
126 1020
127 938 1021 1022 1023 1024 1025
128 1014 1021 1026 1027 1028
129 864
130 1017 1029 1030 1031
131 1010
132 1032
133 1032
134 1033
135 1034
136 1035
137 1036
138 866
139 986
140 1037
141 1038
142 958
143 1039
144 890 980
145 890 980 1040 1041 1042 1043 1044 1045
146 1046
147 1047
148 981
149 1015
150 1000
151 967 1017 1048
152 1049
153 867
154 1027 1028 1050 1051 1052
155 884
156 980
157 1053
158 929 1035 1054 1055 1056 1057 1058
159 1035
160 975
161 867 1059
162 914
163 1060
164 939
165 944
166 867 1061
167 1062
168 1063
169 989
170 930 1064
171 1065
172 1066
173 1050 1051 1067 1068
174 1056
175 979
176 884
177 871
178 1069
179 993
180 1070
181 1043
182 1071
183 900 1060
184 871
185 850
186 1044
187 1072
188 1073
189 954 1074 1075 1076 1077 1078
190 885
191 1079
192 1080
193 1081
194 888
195 888
196 1082
197 1040
198 1083 1084
199 900
200 1085
201 968 1046 1073
202 1086
203 1087
204 926
205 1053
206 1088
207 983
208 1089
209 1053
210 842
211 1066
212 1090
213 855 1066 1091 1092 1093 1094 1095
214 1096
215 1092 1095 1096
216 1097
217 1098
218 981 1098 1099
219 947 1100 1101 1102 1103 1104 1105 1106 1107 1108 1109 1110 1111 1112 1113 1114 1115
220 909 1116 1117 1118
221 1119
222 834
223 867
224 860 867 1120
225 1121
226 1122
227 1123
228 1124
229 1053
230 1125
231 1125
232 944
233 925
234 925
235 1126
236 1127
237 1128
238 906
239 1129
240 1130
241 966 1112 1131 1132 1133
242 1001 1134
243 903 983
244 1135 1136 1137
245 940
246 1060 1138
247 1139
248 1032 1140
249 871
250 1126
251 1053
252 1141 1142
253 1099
254 966
255 989
256 1143
257 1144
258 1145
259 980
260 1146
261 942
262 1147
263 1091 1110
264 1148
265 1149
266 1150 1151
267 1152
268 974 1068
269 1034
270 1153
271 875
272 1154
273 874
274 939
275 1053
276 875 1124 1155 1156 1157 1158 1159
277 923
278 994
279 1160
280 891
281 861
282 1079 1161
283 929 1057
284 864
285 852
286 852
287 1162
288 864
289 1053
290 874 905 1162 1163 1164 1165 1166
291 1167
292 1168
293 1076 1085
294 1003
295 1169
296 935 1169
297 1169
298 858 905
299 854
300 1083
301 878
302 932 935 936
303 851 906 1142 1170
304 842 1141
305 871
306 1009
307 1171
308 845
309 1172
310 989
311 1173
312 997 1174
313 1171
314 1175 1176
315 899
316 1045
317 1121
318 910
319 839
320 1129
321 1160
322 1177
323 1128
324 1178
325 893 895
326 1097
327 897
328 1076
329 964
330 867 1086
331 867
332 945 1179 1180 1181
333 1069 1150
334 868 979
335 832 868 874 1150 1182 1183 1184 1185 1186
336 895
337 842 853
338 989
339 989
340 1187
341 1188
342 867 939 1128 1189
343 1143 1190 1191 1192 1193
344 1168 1194 1195 1196
345 923
346 880
347 896
348 1118
349 1197
350 957 1149 1198 1199
351 1130 1200 1201
352 1202
353 1203 1204
354 990
355 842 851 907 908 990 1015 1034 1205 1206 1207 1208
356 1094 1209
357 1045
358 1107
359 852
360 842 847
361 943 1048 1147
362 889 937 1210
363 980
364 871 1211
365 864
366 1079
367 915
368 1039
369 1039 1212 1213
370 1214 1215
371 1129
372 1216
373 861
374 1110
375 888
376 916
377 1091
378 1217
379 1218
380 914 986 1219 1220 1221 1222
381 1219
382 1220
383 911 982 1090 1097 1171 1181
384 1200
385 989
386 1064
387 1223
388 1009
389 1224
390 1034
391 1105 1225 1226
392 1225
393 1227
394 1228
395 921 938 1016 1229 1230
396 981 1016 1160 1231
397 966 1132
398 1060
399 874 1232
400 852
401 1233
402 1234
403 879 883 901 997 1017 1233 1234 1235 1236 1237
404 883 997 1238 1239
405 948 1017 1146
406 879
407 981
408 923
409 1102 1197 1240 1241
410 1242 1243 1244
411 932 934
412 923 1046 1211 1245 1246 1247
413 1148 1167 1177 1216 1248 1249 1250
414 1235 1236
415 1118
416 889
417 907 1015
418 872
419 1251 1252
420 1253
421 1253
422 1253
423 875 909
424 871 887 922 923 924 938 1046 1063 1145 1245 1247 1254 1255 1256 1257 1258 1259 1260
425 1226
426 1122
427 1261
428 1262
429 1263
430 1085
431 861
432 908
433 1264
434 867 1265
435 989
436 1233 1234
437 915
438 842 1091 1260
439 1009
440 1013 1261
441 1266
442 1053
443 906
444 906
445 906
446 922
447 1069
448 849 923
449 1267
450 942
451 945 1268 1269
452 1270
453 1218 1270
454 1270
455 895
456 1009
457 1271
458 905
459 1241
460 1216
461 890
462 890
463 890
464 1079
465 882 1070 1137
466 857
467 940
468 1090
469 872 1077
470 850
471 1017 1272 1273
472 981
473 945 1047 1217 1274 1275 1276 1277 1278 1279
474 842
475 1233 1238
476 981
477 1071
478 989
479 858
480 1090 1216
481 1263
482 1167
483 981
484 1280
485 857
486 981
487 1275
488 1018
489 1260 1281
490 1279
491 1279
492 878
493 1040
494 841
495 940
496 856 871 923 1038 1115 1211 1282 1283 1284
497 842
498 847
499 1285
500 1286
501 1285 1286 1287 1288 1289
502 1172
503 943
504 944
505 914
506 1184
507 1210
508 1189
509 1273
510 918 1000
511 1049 1290 1291
512 1292 1293
513 873 874 876 877 1148 1212 1294 1295 1296 1297 1298
514 953 1127 1299 1300
515 1263
516 925
517 1199
518 1189
519 864
520 1301
521 983
522 900
523 1123 1297
524 889
525 1034
526 889
527 854
528 1198
529 1270
530 938 1022 1023 1024 1025 1229 1230 1302 1303 1304
531 1305 1306
532 938 1024 1026 1188 1289 1307
533 1308
534 1309
535 875 881 1032 1036 1310
536 1042
537 1125
538 908
539 1311
540 1042
541 906
542 1112 1312 1313
543 864
544 864
545 1040
546 1124
547 1314
548 859 880 888 949 1264 1314 1315
549 919
550 1280
551 1073
552 1047
553 1030
554 1221
555 870
556 857
557 1198
558 1118
559 1146
560 1316 1317
561 981
562 842 1308
563 1308
564 1100
565 871
566 910 1223 1318
567 863 865
568 878
569 869
570 895
571 938 1188 1288 1289 1307 1319 1320
572 1269
573 1287
574 1266
575 1034
576 1019 1087 1266 1271 1295
577 851
578 1070
579 888
580 1321
581 863
582 1322
583 947 1202 1253
584 1074
585 1207
586 854
587 1055
588 1015
589 1015
590 1004
591 1080 1081 1179 1180 1181 1323 1324 1325 1326
592 994
593 1172
594 856
595 1327
596 1066
597 1044
598 1263
599 1072 1135 1328 1329
600 1266
601 1001
602 847
603 942
604 1265
605 871
606 884
607 841
608 950
609 1017
610 1124
611 1121
612 887 1247 1308
613 925
614 1122
615 980
616 1118
617 1090
618 1085
619 847
620 964
621 1330
622 1118
623 1331
624 966
625 1064
626 1332
627 1207
628 1034
629 1015
630 915
631 910
632 1002 1005
633 1005 1119
634 1333
635 891 952 1334
636 923 1131
637 885
638 915
639 1073
640 935
641 1172 1262 1333 1335 1336
642 1241
643 911
644 1222
645 1241
646 856
647 857
648 922 1330
649 1136
650 915
651 1002 1120
652 1099
653 1160
654 1241
655 1281
656 907
657 1062
658 909 969 970 971 972 1062 1121 1270 1337
659 834
660 842
661 940 1338
662 1228 1339 1340
663 1186 1341
664 842
665 1108 1308
666 1315
667 1015
668 1015
669 1064
670 1174
671 989
672 989
673 1117
674 913
675 1144 1224
676 906
677 1090
678 928
679 984 1082 1342 1343
680 1125 1137 1144 1342 1343
681 1144
682 898
683 925
684 1344
685 1102 1241 1344
686 1270
687 1270
688 872
689 851 988 1011 1176 1345 1346 1347
690 1203
691 1323 1348
692 927
693 830
694 923 938 968 1088 1204 1245 1246 1252 1349 1350 1351
695 1190 1192 1193 1309 1336 1352 1353 1354 1355
696 880
697 981
698 981
699 1061
700 925
701 1309 1356
702 1193
703 1233
704 1357
705 1358
706 1020
707 1358
708 996
709 839
710 888
711 1218
712 954
713 869
714 887 913 938 946 968 1245 1247 1260 1318 1359 1360 1361
715 833
716 1148
717 1322
718 940 1138 1263
719 1263
720 1138
721 997
722 1106 1358 1362
723 1272
724 1115
725 981
726 1208
727 1149
728 947 965 995 1089 1091 1105 1260 1363
729 1085
730 1207 1208
731 1206
732 1143
733 1049
734 1128
735 857 979 1071 1122 1184 1227
736 1129
737 1031
738 1161 1244
739 1079 1139 1244
740 925
741 1118
742 938
743 1137 1343
744 1342
745 984 1082 1137
746 868
747 981
748 1055
749 1152
750 1099
751 1312
752 942
753 1141
754 1198
755 829
756 1160
757 1364 1365
758 983
759 891
760 914
761 1143
762 884 905 1173 1366
763 1224 1331 1345
764 1296
765 1177
766 958 959 960 962 963 1322
767 847
768 1213
769 915
770 1170
771 910
772 839
773 938 1288
774 938 1367
775 886 938
776 938
777 938 1368
778 880 1267
779 1090
780 852
781 842
782 859 1315
783 1226
784 881
785 985
786 932
787 1001 1087 1280 1295 1369
788 1369
789 1076
790 1076
791 1027
792 1206 1207
793 1206
794 871
795 878
796 896 899 900 1196 1215 1364 1365
797 1017
798 1370
799 1337
800 1363
801 942
802 856
803 1045
804 1343
805 850
806 944
807 1032
808 988 1154 1175
809 1154
810 938 1063 1094 1371 1372
811 874 940 1162 1373
812 1201
813 994
814 875 961 988 1013 1084 1136 1180 1187 1228 1232 1243 1301 1317 1327 1339 1340 1341 1353 1357 1374 1375 1376 1377 1378 1379
815 981
816 1079
817 1018 1302 1321
818 1329
819 847
820 1152 1347
821 940
822 1055
823 999
824 1227
825 1128
826 1093
827 1126
828 1099
829 0 755
830 0 693
831 0 92
832 0 335
833 1 715
834 1 222 659
835 1
836 1 32
837 1
838 1 32
839 1 319 709 772
840 1 66
841 1 494 607
842 1 210 304 337 355 360 438 474 497 562 660 664 781
843 1 66
844 1 66
845 1 308
846 1
847 1 4 360 498 602 619 767 819
848 1 66 89
849 1 448
850 1 38 185 470 805
851 1 303 355 577 689
852 1 3 47 285 286 359 400 780
853 1 337
854 1 299 527 586
855 2 213
856 5 72 96 113 496 594 646 802
857 6 466 485 556 647 735
858 7 41 298 479
859 8 10 548 782
860 9 224
861 9 281 373 431
862 9 55
863 9 68 69 567 581
864 9 65 129 284 288 365 519 543 544
865 9 567
866 9 138
867 9 80 81 153 161 166 223 224 330 331 342 434
868 11 334 335 746
869 11 569 713
870 11 12 13 555
871 14 72 96 177 184 249 305 364 424 496 565 605 794
872 15 418 469 688
873 16 513
874 16 90 273 290 335 399 513 811
875 16 271 276 423 535 814
876 16 513
877 16 513
878 17 56 57 301 492 568 795
879 18 19 403 406
880 20 346 548 696 778
881 20 535 784
882 21 465
883 22 403 404
884 23 24 155 176 606 762
885 25 81 190 637
886 26 105 775
887 27 424 612 714
888 28 194 195 375 548 579 710
889 29 362 416 524 526
890 30 144 145 461 462 463
891 31 34 280 635 759
892 33 61
893 35 36 120 325
894 36
895 36 325 336 455 570
896 36 347 796
897 36 327
898 36 100 682
899 36 315 796
900 36 87 183 199 522 796
901 37 70 403
902 39
903 39 40 87 243
904 40
905 42 290 298 458 762
906 43 79 238 303 443 444 445 541 676
907 44 54 355 417 656
908 44 112 355 432 538
909 45 220 423 658
910 45 318 566 631 771
911 46 383 643
912 47
913 48 674 714
914 49 162 380 505 760
915 50 367 437 630 638 650 769
916 50 115 376
917 50
918 50 73 111 510
919 50 73 549
920 50 95
921 51 395
922 52 53 424 446 648
923 53 75 94 113 277 345 408 412 424 448 496 636 694
924 53 424
925 53 233 234 516 613 683 700 740
926 55 76 204
927 55 692
928 55 678
929 55 158 283
930 55 170
931 55
932 55 56 302 411 786
933 55
934 55 411
935 55 296 302 640
936 55 56 57 302
937 55 362
938 55 58 73 127 395 424 530 532 571 694 714 742 773 774 775 776 777 810
939 59 164 274 342
940 60 245 467 495 661 718 811 821
941 61
942 61 261 450 603 752 801
943 61 361 503
944 61 165 232 504 806
945 61 332 451 473
946 62 714
947 63 219 583 728
948 64 405
949 67 548
950 71 73 608
951 73
952 73 635
953 73 514
954 74 87 189 712
955 76
956 77
957 77 350
958 78 142 766
959 78 766
960 78 766
961 78 814
962 78 766
963 78 766
964 81 329 620
965 82 728
966 83 241 254 397 624
967 84 151
968 85 201 694 714
969 86 658
970 86 658
971 86 658
972 86 658
973 87
974 87 88 268
975 87 160
976 87 88
977 87
978 88
979 91 175 334 735
980 93 144 145 156 259 363 615
981 97 148 218 396 407 472 476 483 486 561 697 698 725 747 815
982 98 383
983 99 100 207 243 521 758
984 101 679 745
985 102 105 785
986 103 139 380
987 103
988 104 689 808 814
989 105 169 255 310 338 339 385 435 478 671 672
990 106 354 355
991 107
992 107
993 107 108 179
994 107 278 592 813
995 107 728
996 107 708
997 109 110 312 403 404 721
998 111
999 111 823
1000 111 150 510
1001 114 242 601 787
1002 114 632 651
1003 114 294
1004 114 590
1005 114 632 633
1006 114
1007 114
1008 114
1009 114 306 388 439 456
1010 116 131
1011 116 689
1012 117 118
1013 118 440 814
1014 119 128
1015 121 149 355 417 588 589 629 667 668
1016 122 395 396
1017 123 130 151 403 405 471 609 797
1018 124 488 817
1019 125 576
1020 126 706
1021 127 128
1022 127 530
1023 127 530
1024 127 530 532
1025 127 530
1026 128 532
1027 128 154 791
1028 128 154
1029 130
1030 130 553
1031 130 737
1032 132 133 248 535 807
1033 134
1034 135 269 355 390 525 575 628
1035 136 158 159
1036 137 535
1037 140
1038 141 496
1039 143 368 369
1040 145 197 493 545
1041 145
1042 145 536 540
1043 145 181
1044 145 186 597
1045 145 316 357 803
1046 146 201 412 424
1047 147 473 552
1048 151 361
1049 152 511 733
1050 154 173
1051 154 173
1052 154
1053 157 205 209 229 251 275 289 442
1054 158
1055 158 587 748 822
1056 158 174
1057 158 283
1058 158
1059 161
1060 163 183 246 398
1061 166 699
1062 167 657 658
1063 168 424 810
1064 170 386 625 669
1065 171
1066 172 211 213 596
1067 173
1068 173 268
1069 178 333 447
1070 180 465 578
1071 182 477 735
1072 187 599
1073 188 201 551 639
1074 189 584
1075 189
1076 189 293 328 789 790
1077 189 469
1078 189
1079 191 282 366 464 739 816
1080 192 591
1081 193 591
1082 196 679 745
1083 198 300
1084 198 814
1085 200 293 430 618 729
1086 202 330
1087 203 576 787
1088 206 694
1089 208 728
1090 212 383 468 480 617 677 779
1091 213 263 377 438 728
1092 213 215
1093 213 826
1094 213 356 810
1095 213 215
1096 214 215
1097 216 326 383
1098 217 218
1099 218 253 652 750 828
1100 219 564
1101 219
1102 219 409 685
1103 219
1104 219
1105 219 391 728
1106 219 722
1107 219 358
1108 219 665
1109 219
1110 219 263 374
1111 219
1112 219 241 542
1113 219
1114 219
1115 219 496 724
1116 220
1117 220 673
1118 220 348 415 558 616 622 741
1119 221 633
1120 224 651
1121 225 317 611 658
1122 226 426 614 735
1123 227 523
1124 228 276 546 610
1125 230 231 537 680
1126 235 250 827
1127 236 514
1128 237 323 342 734 825
1129 239 320 371 736
1130 240 351
1131 241 636
1132 241 397
1133 241
1134 242
1135 244 599
1136 244 649 814
1137 244 465 680 743 745
1138 246 718 720
1139 247 739
1140 248
1141 252 304 753
1142 252 303
1143 256 343 732 761
1144 257 675 680 681
1145 258 424
1146 260 405 559
1147 262 361
1148 264 413 513 716
1149 265 350 727
1150 266 333 335
1151 266
1152 267 749 820
1153 270
1154 272 808 809
1155 276
1156 276
1157 276
1158 276
1159 276
1160 279 321 396 653 756
1161 282 738
1162 287 290 811
1163 290
1164 290
1165 290
1166 290
1167 291 413 482
1168 292 344
1169 295 296 297
1170 303 770
1171 307 313 383
1172 309 502 593 641
1173 311 762
1174 312 670
1175 314 808
1176 314 689
1177 322 413 765
1178 324
1179 332 591
1180 332 591 814
1181 332 383 591
1182 335
1183 335
1184 335 506 735
1185 335
1186 335 663
1187 340 814
1188 341 532 571
1189 342 508 518
1190 343 695
1191 343
1192 343 695
1193 343 695 702
1194 344
1195 344
1196 344 796
1197 349 409
1198 350 528 557 754
1199 350 517
1200 351 384
1201 351 812
1202 352 583
1203 353 690
1204 353 694
1205 355
1206 355 731 792 793
1207 355 585 627 730 792
1208 355 726 730
1209 356
1210 362 507
1211 364 412 496
1212 369 513
1213 369 768
1214 370
1215 370 796
1216 372 413 460 480
1217 378 473
1218 379 453 711
1219 380 381
1220 380 382
1221 380 554
1222 380 644
1223 387 566
1224 389 675 763
1225 391 392
1226 391 425 783
1227 393 735 824
1228 394 662 814
1229 395 530
1230 395 530
1231 396
1232 399 814
1233 401 403 436 475 703
1234 402 403 436
1235 403 414
1236 403 414
1237 403
1238 404 475
1239 404
1240 409
1241 409 459 642 645 654 685
1242 410
1243 410 814
1244 410 738 739
1245 412 424 694 714
1246 412 694
1247 412 424 612 714
1248 413
1249 413
1250 413
1251 419
1252 419 694
1253 420 421 422 583
1254 424
1255 424
1256 424
1257 424
1258 424
1259 424
1260 424 438 489 714 728
1261 427 440
1262 428 641
1263 429 481 515 598 718 719
1264 433 548
1265 434 604
1266 441 574 576 600
1267 449 778
1268 451
1269 451 572
1270 452 453 454 529 658 686 687
1271 457 576
1272 471 723
1273 471 509
1274 473
1275 473 487
1276 473
1277 473
1278 473
1279 473 490 491
1280 484 550 787
1281 489 655
1282 496
1283 496
1284 496
1285 499 501
1286 500 501
1287 501 573
1288 501 571 773
1289 501 532 571
1290 511
1291 511
1292 512
1293 512
1294 513
1295 513 576 787
1296 513 764
1297 513 523
1298 513
1299 514
1300 514
1301 520 814
1302 530 817
1303 530
1304 530
1305 531
1306 531
1307 532 571
1308 533 562 563 612 665
1309 534 695 701
1310 535
1311 539
1312 542 751
1313 542
1314 547 548
1315 548 666 782
1316 560
1317 560 814
1318 566 714
1319 571
1320 571
1321 580 817
1322 582 717 766
1323 591 691
1324 591
1325 591
1326 591
1327 595 814
1328 599
1329 599 818
1330 621 648
1331 623 763
1332 626
1333 634 641
1334 635
1335 641
1336 641 695
1337 658 799
1338 661
1339 662 814
1340 662 814
1341 663 814
1342 679 680 744
1343 679 680 743 804
1344 684 685
1345 689 763
1346 689
1347 689 820
1348 691
1349 694
1350 694
1351 694
1352 695
1353 695 814
1354 695
1355 695
1356 701
1357 704 814
1358 705 707 722
1359 714
1360 714
1361 714
1362 722
1363 728 800
1364 757 796
1365 757 796
1366 762
1367 774
1368 777
1369 787 788
1370 798
1371 810
1372 810
1373 811
1374 814
1375 814
1376 814
1377 814
1378 814
1379 814
